0.00000000e+000	8.23368849e-004	
1.05836168e-004	8.95255969e-004	
2.11672335e-004	1.01794607e-003	
3.17508503e-004	1.17562252e-003	
4.23344671e-004	1.35613628e-003	
5.29180838e-004	1.58684918e-003	
6.35017006e-004	1.84529467e-003	
7.40853174e-004	2.11769619e-003	
8.46689341e-004	2.39930500e-003	
9.52525509e-004	2.68861014e-003	
1.05836168e-003	2.98029149e-003	
1.16419784e-003	3.27294185e-003	
1.27003401e-003	3.56632267e-003	
1.37587018e-003	3.89066875e-003	
1.48170635e-003	4.24592291e-003	
1.58754252e-003	4.60217066e-003	
1.69337868e-003	4.95919786e-003	
1.79921485e-003	5.33484795e-003	
1.90505102e-003	5.74855269e-003	
2.01088719e-003	6.16242609e-003	
2.11672335e-003	6.57643630e-003	
2.22255952e-003	7.02354455e-003	
2.32839569e-003	7.61936936e-003	
2.43423186e-003	8.21690027e-003	
2.54006802e-003	8.81579038e-003	
2.64590419e-003	9.41836723e-003	
2.75174036e-003	1.01051484e-002	
2.85757653e-003	1.07919623e-002	
2.96341270e-003	1.14788030e-002	
3.06924886e-003	1.21656660e-002	
3.17508503e-003	1.29732210e-002	
3.28092120e-003	1.38026831e-002	
3.38675737e-003	1.46331162e-002	
3.49259353e-003	1.54643637e-002	
3.59842970e-003	1.64677461e-002	
3.70426587e-003	1.75499444e-002	
3.81010204e-003	1.86322156e-002	
3.91593820e-003	1.97145475e-002	
4.02177437e-003	2.08693225e-002	
4.12761054e-003	2.20884213e-002	
4.23344671e-003	2.33088235e-002	
4.33928288e-003	2.45303345e-002	
4.44511904e-003	2.58192646e-002	
4.55095521e-003	2.72355775e-002	
4.65679138e-003	2.86521677e-002	
4.76262755e-003	3.00689961e-002	
4.86846371e-003	3.15904399e-002	
4.97429988e-003	3.35266613e-002	
5.08013605e-003	3.54699224e-002	
5.18597222e-003	3.74191264e-002	
5.29180838e-003	3.93762179e-002	
5.39764455e-003	4.12246961e-002	
5.50348072e-003	4.30764815e-002	
5.60931689e-003	4.49311651e-002	
5.71515306e-003	4.67884023e-002	
5.82098922e-003	4.85006101e-002	
5.92682539e-003	5.02288200e-002	
6.03266156e-003	5.20015933e-002	
6.13849773e-003	5.38145259e-002	
6.24433389e-003	5.41525808e-002	
6.35017006e-003	5.40980505e-002	
6.45600623e-003	5.43872610e-002	
6.56184240e-003	5.50147914e-002	
6.66767856e-003	5.59692630e-002	
6.77351473e-003	5.72343216e-002	
6.87935090e-003	5.87899205e-002	
6.98518707e-003	6.06136946e-002	
7.09102323e-003	6.21914461e-002	
7.19685940e-003	6.58487303e-002	
7.30269557e-003	7.38550299e-002	
7.40853174e-003	8.49900373e-002	
7.51436791e-003	9.87951556e-002	
7.62020407e-003	1.18408904e-001	
7.72604024e-003	1.43843671e-001	
7.83187641e-003	1.83146826e-001	
7.93771258e-003	2.25679967e-001	
8.04354874e-003	2.56203447e-001	
8.14938491e-003	2.90041617e-001	
8.25522108e-003	3.28718307e-001	
8.36105725e-003	3.70678579e-001	
8.46689341e-003	4.02444044e-001	
8.57272958e-003	4.34925996e-001	
8.67856575e-003	4.64787347e-001	
8.78440192e-003	4.95182720e-001	
8.89023809e-003	5.20806531e-001	
8.99607425e-003	5.44829186e-001	
9.10191042e-003	5.68260200e-001	
9.20774659e-003	5.91499262e-001	
9.31358276e-003	6.09902564e-001	
9.41941892e-003	6.24457663e-001	
9.52525509e-003	6.39172474e-001	
9.63109126e-003	6.54036218e-001	
9.73692743e-003	6.70198257e-001	
9.84276359e-003	6.88224860e-001	
9.94859976e-003	7.06322897e-001	
1.00544359e-002	7.24487016e-001	
1.01602721e-002	7.40243351e-001	
1.02661083e-002	7.48041705e-001	
1.03719444e-002	7.55905953e-001	
1.04777806e-002	7.63834061e-001	
1.05836168e-002	7.71955510e-001	
1.06894529e-002	7.81982204e-001	
1.07952891e-002	7.92035032e-001	
1.09011253e-002	8.02113011e-001	
1.10069614e-002	8.12215206e-001	
1.11127976e-002	8.17522944e-001	
1.12186338e-002	8.22336985e-001	
1.13244699e-002	8.27165372e-001	
1.14303061e-002	8.32007857e-001	
1.15361423e-002	8.38164254e-001	
1.16419784e-002	8.44791797e-001	
1.17478146e-002	8.51429078e-001	
1.18536508e-002	8.58075870e-001	
1.19594869e-002	8.62916758e-001	
1.20653231e-002	8.66456247e-001	
1.21711593e-002	8.70012683e-001	
1.22769955e-002	8.73585858e-001	
1.23828316e-002	8.77446147e-001	
1.24886678e-002	8.81704090e-001	
1.25945040e-002	8.85967154e-001	
1.27003401e-002	8.90235267e-001	
1.28061763e-002	8.94063364e-001	
1.29120125e-002	8.96560251e-001	
1.30178486e-002	8.99067109e-001	
1.31236848e-002	9.01583854e-001	
1.32295210e-002	9.04155091e-001	
1.33353571e-002	9.07230462e-001	
1.34411933e-002	9.10310526e-001	
1.35470295e-002	9.13395238e-001	
1.36528656e-002	9.16484550e-001	
1.37587018e-002	9.18329261e-001	
1.38645380e-002	9.20074663e-001	
1.39703741e-002	9.21827592e-001	
1.40762103e-002	9.23588006e-001	
1.41820465e-002	9.25779884e-001	
1.42878826e-002	9.28114057e-001	
1.43937188e-002	9.30452482e-001	
1.44995550e-002	9.32795127e-001	
1.46053911e-002	9.34534680e-001	
1.47112273e-002	9.35862534e-001	
1.48170635e-002	9.37196655e-001	
1.49228996e-002	9.38537017e-001	
1.50287358e-002	9.40112827e-001	
1.51345720e-002	9.42000641e-001	
1.52404081e-002	9.43892598e-001	
1.53462443e-002	9.45788671e-001	
1.54520805e-002	9.47465295e-001	
1.55579166e-002	9.48525751e-001	
1.56637528e-002	9.49591741e-001	
1.57695890e-002	9.50663247e-001	
1.58754252e-002	9.51794726e-001	
1.59812613e-002	9.53423466e-001	
1.60870975e-002	9.55056326e-001	
1.61929337e-002	9.56693283e-001	
1.62987698e-002	9.58334317e-001	
1.64046060e-002	9.59271095e-001	
1.65104422e-002	9.60164928e-001	
1.66162783e-002	9.61063944e-001	
1.67221145e-002	9.61968128e-001	
1.68279507e-002	9.63316062e-001	
1.69337868e-002	9.64797868e-001	
1.70396230e-002	9.66283786e-001	
1.71454592e-002	9.67773799e-001	
1.72512953e-002	9.68818811e-001	
1.73571315e-002	9.69578939e-001	
1.74629677e-002	9.70344198e-001	
1.75688038e-002	9.71114578e-001	
1.76746400e-002	9.72133277e-001	
1.77804762e-002	9.73460759e-001	
1.78863123e-002	9.74792330e-001	
1.79921485e-002	9.76127971e-001	
1.80979847e-002	9.77283005e-001	
1.82038208e-002	9.77968948e-001	
1.83096570e-002	9.78659780e-001	
1.84154932e-002	9.79355491e-001	
1.85213293e-002	9.80120627e-001	
1.86271655e-002	9.81380421e-001	
1.87330017e-002	9.82644393e-001	
1.88388378e-002	9.83912526e-001	
1.89446740e-002	9.85184804e-001	
1.90505102e-002	9.85824556e-001	
1.91563464e-002	9.86437532e-001	
1.92621825e-002	9.87055352e-001	
1.93680187e-002	9.87678009e-001	
1.94738549e-002	9.88759212e-001	
1.95796910e-002	9.89966259e-001	
1.96855272e-002	9.91177455e-001	
1.97913634e-002	9.92392786e-001	
1.98971995e-002	9.93205767e-001	
2.00030357e-002	9.93778789e-001	
2.01088719e-002	9.94356670e-001	
2.02147080e-002	9.94939401e-001	
2.03205442e-002	9.95787710e-001	
2.04263804e-002	9.96945440e-001	
2.05322165e-002	9.98107391e-001	
2.06380527e-002	9.99273550e-001	
2.07438889e-002	1.00024748e+000	
2.08497250e-002	1.00076094e+000	
2.09555612e-002	1.00127926e+000	
2.10613974e-002	1.00180242e+000	
2.11672335e-002	1.00240723e+000	
2.12730697e-002	1.00351687e+000	
2.13789059e-002	1.00463074e+000	
2.14847420e-002	1.00574884e+000	
2.15905782e-002	1.00687115e+000	
2.16964144e-002	1.00736564e+000	
2.18022505e-002	1.00784471e+000	
2.19080867e-002	1.00832864e+000	
2.20139229e-002	1.00881741e+000	
2.21197590e-002	1.00977966e+000	
2.22255952e-002	1.01085956e+000	
2.23314314e-002	1.01194375e+000	
2.24372675e-002	1.01303224e+000	
2.25431037e-002	1.01368873e+000	
2.26489399e-002	1.01410577e+000	
2.27547761e-002	1.01452775e+000	
2.28606122e-002	1.01495464e+000	
2.29664484e-002	1.01565843e+000	
2.30722846e-002	1.01666421e+000	
2.31781207e-002	1.01767425e+000	
2.32839569e-002	1.01868855e+000	
2.33897931e-002	1.01951177e+000	
2.34956292e-002	1.01991262e+000	
2.36014654e-002	1.02031824e+000	
2.37073016e-002	1.02072862e+000	
2.38131377e-002	1.02123258e+000	
2.39189739e-002	1.02224517e+000	
2.40248101e-002	1.02326216e+000	
2.41306462e-002	1.02428353e+000	
2.42364824e-002	1.02530928e+000	
2.43423186e-002	1.02565675e+000	
2.44481547e-002	1.02599897e+000	
2.45539909e-002	1.02634613e+000	
2.46598271e-002	1.02669824e+000	
2.47656632e-002	1.02753022e+000	
2.48714994e-002	1.02846945e+000	
2.49773356e-002	1.02941303e+000	
2.50831717e-002	1.03036095e+000	
2.51890079e-002	1.03089329e+000	
2.52948441e-002	1.03121224e+000	
2.54006802e-002	1.03153601e+000	
2.55065164e-002	1.03186457e+000	
2.56123526e-002	1.03248646e+000	
2.57181887e-002	1.03340813e+000	
2.58240249e-002	1.03433427e+000	
2.59298611e-002	1.03526488e+000	
2.60356973e-002	1.03597737e+000	
2.61415334e-002	1.03624299e+000	
2.62473696e-002	1.03651347e+000	
2.63532058e-002	1.03678880e+000	
2.64590419e-002	1.03716717e+000	
2.65648781e-002	1.03804171e+000	
2.66707143e-002	1.03892072e+000	
2.67765504e-002	1.03980420e+000	
2.68823866e-002	1.04068831e+000	
2.69882228e-002	1.04054272e+000	
2.70940589e-002	1.04040075e+000	
2.71998951e-002	1.04026524e+000	
2.73057313e-002	1.04013620e+000	
2.74115674e-002	1.04119446e+000	
2.75174036e-002	1.04248323e+000	
2.76232398e-002	1.04377535e+000	
2.77290759e-002	1.04507082e+000	
2.78349121e-002	1.04531962e+000	
2.79407483e-002	1.04506235e+000	
2.80465844e-002	1.04480836e+000	
2.81524206e-002	1.04455764e+000	
2.82582568e-002	1.04503735e+000	
2.83640929e-002	1.04621813e+000	
2.84699291e-002	1.04740495e+000	
2.85757653e-002	1.04859780e+000	
2.86816014e-002	1.04942872e+000	
2.87874376e-002	1.04958422e+000	
2.88932738e-002	1.04974468e+000	
2.89991099e-002	1.04991009e+000	
2.91049461e-002	1.05019205e+000	
2.92107823e-002	1.05097626e+000	
2.93166184e-002	1.05176507e+000	
2.94224546e-002	1.05255847e+000	
2.95282908e-002	1.05334305e+000	
2.96341270e-002	1.05344308e+000	
2.97399631e-002	1.05354807e+000	
2.98457993e-002	1.05365802e+000	
2.99516355e-002	1.05377293e+000	
3.00574716e-002	1.05440155e+000	
3.01633078e-002	1.05512076e+000	
3.02691440e-002	1.05584455e+000	
3.03749801e-002	1.05657290e+000	
3.04808163e-002	1.05684453e+000	
3.05866525e-002	1.05691545e+000	
3.06924886e-002	1.05699120e+000	
3.07983248e-002	1.05707180e+000	
3.09041610e-002	1.05747634e+000	
3.10099971e-002	1.05817117e+000	
3.11158333e-002	1.05887061e+000	
3.12216695e-002	1.05957466e+000	
3.13275056e-002	1.06003656e+000	
3.14333418e-002	1.06007122e+000	
3.15391780e-002	1.06011074e+000	
3.16450141e-002	1.06015513e+000	
3.17508503e-002	1.06032511e+000	
3.18566865e-002	1.06098302e+000	
3.19625226e-002	1.06164561e+000	
3.20683588e-002	1.06231286e+000	
3.21741950e-002	1.06295994e+000	
3.22800311e-002	1.06294898e+000	
3.23858673e-002	1.06294289e+000	
3.24917035e-002	1.06294169e+000	
3.25975396e-002	1.06294537e+000	
3.27033758e-002	1.06348777e+000	
3.28092120e-002	1.06411311e+000	
3.29150482e-002	1.06474309e+000	
3.30208843e-002	1.06537770e+000	
3.31267205e-002	1.06553641e+000	
3.32325567e-002	1.06550174e+000	
3.33383928e-002	1.06547195e+000	
3.34442290e-002	1.06544702e+000	
3.35500652e-002	1.06575886e+000	
3.36559013e-002	1.06635325e+000	
3.37617375e-002	1.06695239e+000	
3.38675737e-002	1.06755625e+000	
3.39734098e-002	1.06789524e+000	
3.40792460e-002	1.06779980e+000	
3.41850822e-002	1.06770929e+000	
3.42909183e-002	1.06762371e+000	
3.43967545e-002	1.06767345e+000	
3.45025907e-002	1.06819949e+000	
3.46084268e-002	1.06873024e+000	
3.47142630e-002	1.06926567e+000	
3.48200992e-002	1.06977061e+000	
3.49259353e-002	1.06964997e+000	
3.50317715e-002	1.06953413e+000	
3.51376077e-002	1.06942309e+000	
3.52434438e-002	1.06931685e+000	
3.53492800e-002	1.06975762e+000	
3.54551162e-002	1.07027101e+000	
3.55609523e-002	1.07078919e+000	
3.56667885e-002	1.07131216e+000	
3.57726247e-002	1.07132772e+000	
3.58784608e-002	1.07115385e+000	
3.59842970e-002	1.07098485e+000	
3.60901332e-002	1.07082072e+000	
3.61959693e-002	1.07100863e+000	
3.63018055e-002	1.07147291e+000	
3.64076417e-002	1.07194193e+000	
3.65134779e-002	1.07241569e+000	
3.66193140e-002	1.07262414e+000	
3.67251502e-002	1.07242716e+000	
3.68309864e-002	1.07223501e+000	
3.69368225e-002	1.07204772e+000	
3.70426587e-002	1.07200803e+000	
3.71484949e-002	1.07244237e+000	
3.72543310e-002	1.07288152e+000	
3.73601672e-002	1.07332548e+000	
3.74660034e-002	1.07372490e+000	
3.75718395e-002	1.07346686e+000	
3.76776757e-002	1.07321370e+000	
3.77835119e-002	1.07296542e+000	
3.78893480e-002	1.07272201e+000	
3.79951842e-002	1.07303153e+000	
3.81010204e-002	1.07340299e+000	
3.82068565e-002	1.07377921e+000	
3.83126927e-002	1.07416020e+000	
3.84185289e-002	1.07405617e+000	
3.85243650e-002	1.07378652e+000	
3.86302012e-002	1.07352161e+000	
3.87360374e-002	1.07326144e+000	
3.88418735e-002	1.07336399e+000	
3.89477097e-002	1.07373298e+000	
3.90535459e-002	1.07410683e+000	
3.91593820e-002	1.07448553e+000	
3.92652182e-002	1.07457213e+000	
3.93710544e-002	1.07424251e+000	
3.94768905e-002	1.07391774e+000	
3.95827267e-002	1.07359784e+000	
3.96885629e-002	1.07343449e+000	
3.97943990e-002	1.07373103e+000	
3.99002352e-002	1.07403239e+000	
4.00060714e-002	1.07433856e+000	
4.01119076e-002	1.07459172e+000	
4.02177437e-002	1.07423758e+000	
4.03235799e-002	1.07388816e+000	
4.04294161e-002	1.07354349e+000	
4.05352522e-002	1.07320355e+000	
4.06410884e-002	1.07342998e+000	
4.07469246e-002	1.07370864e+000	
4.08527607e-002	1.07399217e+000	
4.09585969e-002	1.07428059e+000	
4.10644331e-002	1.07404662e+000	
4.11702692e-002	1.07364939e+000	
4.12761054e-002	1.07325691e+000	
4.13819416e-002	1.07286918e+000	
4.14877777e-002	1.07285265e+000	
4.15936139e-002	1.07309099e+000	
4.16994501e-002	1.07333424e+000	
4.18052862e-002	1.07358240e+000	
4.19111224e-002	1.07353105e+000	
4.20169586e-002	1.07308226e+000	
4.21227947e-002	1.07263824e+000	
4.22286309e-002	1.07219900e+000	
4.23344671e-002	1.07192990e+000	
4.24403032e-002	1.07212030e+000	
4.25461394e-002	1.07231554e+000	
4.26519756e-002	1.07251560e+000	
4.27578117e-002	1.07265094e+000	
4.28636479e-002	1.07218294e+000	
4.29694841e-002	1.07171966e+000	
4.30753202e-002	1.07126110e+000	
4.31811564e-002	1.07080727e+000	
4.32869926e-002	1.07093013e+000	
4.33928288e-002	1.07109511e+000	
4.34986649e-002	1.07126500e+000	
4.36045011e-002	1.07143980e+000	
4.37103373e-002	1.07107153e+000	
4.38161734e-002	1.07054899e+000	
4.39220096e-002	1.07003121e+000	
4.40278458e-002	1.06951818e+000	
4.41336819e-002	1.06937981e+000	
4.42395181e-002	1.06948163e+000	
4.43453543e-002	1.06958831e+000	
4.44511904e-002	1.06969986e+000	
4.45570266e-002	1.06951727e+000	
4.46628628e-002	1.06897021e+000	
4.47686989e-002	1.06842777e+000	
4.48745351e-002	1.06788997e+000	
4.49803713e-002	1.06752871e+000	
4.50862074e-002	1.06760692e+000	
4.51920436e-002	1.06769007e+000	
4.52978798e-002	1.06777815e+000	
4.54037159e-002	1.06778879e+000	
4.55095521e-002	1.06719753e+000	
4.56153883e-002	1.06661091e+000	
4.57212244e-002	1.06602894e+000	
4.58270606e-002	1.06545163e+000	
4.59328968e-002	1.06546399e+000	
4.60387329e-002	1.06550846e+000	
4.61445691e-002	1.06555788e+000	
4.62504053e-002	1.06561226e+000	
4.63562414e-002	1.06511303e+000	
4.64620776e-002	1.06447181e+000	
4.65679138e-002	1.06383524e+000	
4.66737499e-002	1.06320334e+000	
4.67795861e-002	1.06296232e+000	
4.68854223e-002	1.06295504e+000	
4.69912585e-002	1.06295263e+000	
4.70970946e-002	1.06295509e+000	
4.72029308e-002	1.06265142e+000	
4.73087670e-002	1.06199290e+000	
4.74146031e-002	1.06133898e+000	
4.75204393e-002	1.06068968e+000	
4.76262755e-002	1.06022545e+000	
4.77321116e-002	1.06018691e+000	
4.78379478e-002	1.06015331e+000	
4.79437840e-002	1.06012466e+000	
4.80496201e-002	1.06000565e+000	
4.81554563e-002	1.05928794e+000	
4.82612925e-002	1.05857484e+000	
4.83671286e-002	1.05786636e+000	
4.84729648e-002	1.05716250e+000	
4.85788010e-002	1.05704597e+000	
4.86846371e-002	1.05695089e+000	
4.87904733e-002	1.05686070e+000	
4.88963095e-002	1.05677539e+000	
4.90021456e-002	1.05616487e+000	
4.91079818e-002	1.05543353e+000	
4.92138180e-002	1.05470668e+000	
4.93196541e-002	1.05398433e+000	
4.94254903e-002	1.05365746e+000	
4.95313265e-002	1.05355108e+000	
4.96371626e-002	1.05344964e+000	
4.97429988e-002	1.05335316e+000	
4.98488350e-002	1.05292557e+000	
4.99546711e-002	1.05213939e+000	
5.00605073e-002	1.05135777e+000	
5.01663435e-002	1.05058072e+000	
5.02721797e-002	1.04999697e+000	
5.03780158e-002	1.04982500e+000	
5.04838520e-002	1.04965793e+000	
5.05896882e-002	1.04949578e+000	
5.06955243e-002	1.04923700e+000	
5.08013605e-002	1.04842180e+000	
5.09071967e-002	1.04761106e+000	
5.10130328e-002	1.04680477e+000	
5.11188690e-002	1.04600296e+000	
5.12247052e-002	1.04579378e+000	
5.13305413e-002	1.04559605e+000	
5.14363775e-002	1.04540324e+000	
5.15422137e-002	1.04521537e+000	
5.16480498e-002	1.04447859e+000	
5.17538860e-002	1.04362909e+000	
5.18597222e-002	1.04278403e+000	
5.19655583e-002	1.04194340e+000	
5.20713945e-002	1.04150508e+000	
5.21772307e-002	1.04127544e+000	
5.22830668e-002	1.04105075e+000	
5.23889030e-002	1.04083101e+000	
5.24947392e-002	1.04027461e+000	
5.26005753e-002	1.03937759e+000	
5.27064115e-002	1.03848503e+000	
5.28122477e-002	1.03759695e+000	
5.29180838e-002	1.03690990e+000	
5.30239200e-002	1.03662043e+000	
5.31297562e-002	1.03633585e+000	
5.32355923e-002	1.03605617e+000	
5.33414285e-002	1.03566982e+000	
5.34472647e-002	1.03474312e+000	
5.35531008e-002	1.03382077e+000	
5.36589370e-002	1.03290277e+000	
5.37647732e-002	1.03199250e+000	
5.38706094e-002	1.03167046e+000	
5.39764455e-002	1.03135332e+000	
5.40822817e-002	1.03104111e+000	
5.41881179e-002	1.03073381e+000	
5.42939540e-002	1.02987497e+000	
5.43997902e-002	1.02891614e+000	
5.45056264e-002	1.02796164e+000	
5.46114625e-002	1.02701148e+000	
5.47172987e-002	1.02646724e+000	
5.48231349e-002	1.02611857e+000	
5.49289710e-002	1.02577482e+000	
5.50348072e-002	1.02543601e+000	
5.51406434e-002	1.02475384e+000	
5.52464795e-002	1.02374705e+000	
5.53523157e-002	1.02274460e+000	
5.54581519e-002	1.02174650e+000	
5.55639880e-002	1.02095629e+000	
5.56698242e-002	1.02054844e+000	
5.57756604e-002	1.02014546e+000	
5.58814965e-002	1.01974737e+000	
5.59873327e-002	1.01923311e+000	
5.60931689e-002	1.01819591e+000	
5.61990050e-002	1.01716295e+000	
5.63048412e-002	1.01613423e+000	
5.64106774e-002	1.01512275e+000	
5.65165135e-002	1.01468088e+000	
5.66223497e-002	1.01424389e+000	
5.67281859e-002	1.01381180e+000	
5.68340220e-002	1.01338461e+000	
5.69398582e-002	1.01240097e+000	
5.70456944e-002	1.01132928e+000	
5.71515306e-002	1.01026181e+000	
5.72573667e-002	1.00919856e+000	
5.73632029e-002	1.00854333e+000	
5.74690391e-002	1.00807037e+000	
5.75748752e-002	1.00760232e+000	
5.76807114e-002	1.00713918e+000	
5.77865476e-002	1.00632649e+000	
5.78923837e-002	1.00520497e+000	
5.79982199e-002	1.00408766e+000	
5.81040561e-002	1.00297459e+000	
5.82098922e-002	1.00207587e+000	
5.83157284e-002	1.00154440e+000	
5.84215646e-002	1.00101780e+000	
5.85274007e-002	1.00049608e+000	
5.86332369e-002	9.99847434e-001	
5.87390731e-002	9.98685974e-001	
5.88449092e-002	9.97528653e-001	
5.89507454e-002	9.96375485e-001	
5.90565816e-002	9.95249142e-001	
5.91624177e-002	9.94683726e-001	
5.92682539e-002	9.94123369e-001	
5.93740901e-002	9.93568077e-001	
5.94799262e-002	9.93017860e-001	
5.95857624e-002	9.91564222e-001	
5.96915986e-002	9.89981524e-001	
5.97974347e-002	9.88404397e-001	
5.99032709e-002	9.86832867e-001	
6.00091071e-002	9.86237609e-001	
6.01149432e-002	9.86039945e-001	
6.02207794e-002	9.85845391e-001	
6.03266156e-002	9.85653949e-001	
6.04324517e-002	9.84643336e-001	
6.05382879e-002	9.82962784e-001	
6.06441241e-002	9.81285479e-001	
6.07499603e-002	9.79611437e-001	
6.08557964e-002	9.78440146e-001	
6.09616326e-002	9.78077415e-001	
6.10674688e-002	9.77721180e-001	
6.11733049e-002	9.77371448e-001	
6.12791411e-002	9.76807286e-001	
6.13849773e-002	9.75467016e-001	
6.14908134e-002	9.74130714e-001	
6.15966496e-002	9.72798396e-001	
6.17024858e-002	9.71500484e-001	
6.18083219e-002	9.70720916e-001	
6.19141581e-002	9.69946419e-001	
6.20199943e-002	9.69177004e-001	
6.21258304e-002	9.68412684e-001	
6.22316666e-002	9.67015232e-001	
6.23375028e-002	9.65544550e-001	
6.24433389e-002	9.64077919e-001	
6.25491751e-002	9.62615358e-001	
6.26550113e-002	9.61563861e-001	
6.27608474e-002	9.60669389e-001	
6.28666836e-002	9.59780148e-001	
6.29725198e-002	9.58896152e-001	
6.30783559e-002	9.57588041e-001	
6.31841921e-002	9.55951928e-001	
6.32900283e-002	9.54319870e-001	
6.33958644e-002	9.52691886e-001	
6.35017006e-002	9.51289863e-001	
6.36075368e-002	9.50225200e-001	
6.37133729e-002	9.49166108e-001	
6.38192091e-002	9.48112603e-001	
6.39250453e-002	9.46861434e-001	
6.40308814e-002	9.44955437e-001	
6.41367176e-002	9.43053556e-001	
6.42425538e-002	9.41155816e-001	
6.43483900e-002	9.39302555e-001	
6.44542261e-002	9.37968715e-001	
6.45600623e-002	9.36641041e-001	
6.46658985e-002	9.35319560e-001	
6.47717346e-002	9.34004296e-001	
6.48775708e-002	9.31762352e-001	
6.49834070e-002	9.29429438e-001	
6.50892431e-002	9.27100801e-001	
6.51950793e-002	9.24776472e-001	
6.53009155e-002	9.22870721e-001	
6.54067516e-002	9.21113649e-001	
6.55125878e-002	9.19363924e-001	
6.56184240e-002	9.17621588e-001	
6.57242601e-002	9.15129438e-001	
6.58300963e-002	9.12091388e-001	
6.59359325e-002	9.09057896e-001	
6.60417686e-002	9.06029005e-001	
6.61476048e-002	9.03238721e-001	
6.62534410e-002	9.00783147e-001	
6.63592771e-002	8.98337368e-001	
6.64651133e-002	8.95901466e-001	
6.65709495e-002	8.93013663e-001	
6.66767856e-002	8.88751820e-001	
6.67826218e-002	8.84495188e-001	
6.68884580e-002	8.80243842e-001	
6.69942941e-002	8.76049608e-001	
6.71001303e-002	8.72388837e-001	
6.72059665e-002	8.68742738e-001	
6.73118026e-002	8.65111497e-001	
6.74176388e-002	8.61495301e-001	
6.75234750e-002	8.55445979e-001	
6.76293112e-002	8.49198193e-001	
6.77351473e-002	8.42956950e-001	
6.78409835e-002	8.36722397e-001	
6.79468197e-002	8.31050935e-001	
6.80526558e-002	8.25576892e-001	
6.81584920e-002	8.20129770e-001	
6.82643282e-002	8.14710109e-001	
6.83701643e-002	8.06809238e-001	
6.84760005e-002	7.97195474e-001	
6.85818367e-002	7.87593118e-001	
6.86876728e-002	7.78002594e-001	
6.87935090e-002	7.68761705e-001	
6.88993452e-002	7.60017509e-001	
6.90051813e-002	7.51352926e-001	
6.91110175e-002	7.42770741e-001	
6.92168537e-002	7.31917545e-001	
6.93226898e-002	7.14592296e-001	
6.94285260e-002	6.97329720e-001	
6.95343622e-002	6.80134589e-001	
6.96401983e-002	6.63298284e-001	
6.97460345e-002	6.49064583e-001	
6.98518707e-002	6.34969871e-001	
6.99577068e-002	6.21023610e-001	
7.00635430e-002	6.07236029e-001	
7.01693792e-002	5.82912440e-001	
7.02752153e-002	5.58241030e-001	
7.03810515e-002	5.26774315e-001	
7.04868877e-002	4.94744634e-001	
7.05927238e-002	4.65195319e-001	
7.06985600e-002	4.36998191e-001	
7.08043962e-002	4.10035267e-001	
7.09102323e-002	3.84566236e-001	
7.10160685e-002	3.49657068e-001	
7.11219047e-002	3.09891436e-001	
7.12277409e-002	2.73320344e-001	
7.13335770e-002	2.41400063e-001	
7.14394132e-002	2.10240668e-001	
7.15452494e-002	1.76603663e-001	
7.16510855e-002	1.45603616e-001	
7.17569217e-002	1.19313938e-001	
7.18627579e-002	1.00157138e-001	
7.19685940e-002	8.41859121e-002	
7.20744302e-002	7.06411409e-002	
7.21802664e-002	6.11568581e-002	
7.22861025e-002	5.76195946e-002	
7.23919387e-002	5.72204971e-002	
7.24977749e-002	5.74582423e-002	
7.26036110e-002	5.83250430e-002	
7.27094472e-002	5.97935480e-002	
7.28152834e-002	5.83367973e-002	
7.29211195e-002	5.69063855e-002	
7.30269557e-002	5.55829166e-002	
7.31327919e-002	5.43742002e-002	
7.32386280e-002	5.28248143e-002	
7.33444642e-002	5.12084540e-002	
7.34503004e-002	4.96047831e-002	
7.35561365e-002	4.80150730e-002	
7.36619727e-002	4.62214628e-002	
7.37678089e-002	4.43163714e-002	
7.38736450e-002	4.24145681e-002	
7.39794812e-002	4.05165159e-002	
7.40853174e-002	3.87299007e-002	
7.41911535e-002	3.70714638e-002	
7.42969897e-002	3.54194080e-002	
7.44028259e-002	3.37746699e-002	
7.45086621e-002	3.20972043e-002	
7.46144982e-002	3.03468601e-002	
7.47203344e-002	2.85965551e-002	
7.48261706e-002	2.68462970e-002	
7.49320067e-002	2.51743622e-002	
7.50378429e-002	2.39920003e-002	
7.51436791e-002	2.28105954e-002	
7.52495152e-002	2.16303041e-002	
7.53553514e-002	2.04513194e-002	
7.54611876e-002	1.93186359e-002	
7.55670237e-002	1.81871204e-002	
7.56728599e-002	1.70556049e-002	
7.57786961e-002	1.59240894e-002	
7.58845322e-002	1.50558986e-002	
7.59903684e-002	1.42486640e-002	
7.60962046e-002	1.34422673e-002	
7.62020407e-002	1.26368690e-002	
7.63078769e-002	1.18659312e-002	
7.64137131e-002	1.11152012e-002	
7.65195492e-002	1.03645615e-002	
7.66253854e-002	9.61403307e-003	
7.67312216e-002	8.97887233e-003	
7.68370577e-002	8.46540497e-003	
7.69428939e-002	7.95235259e-003	
7.70487301e-002	7.43980103e-003	
7.71545662e-002	6.94135680e-003	
7.72604024e-002	6.47191307e-003	
7.73662386e-002	6.00249805e-003	
7.74720747e-002	5.53311905e-003	
7.75779109e-002	5.08402726e-003	
7.76837471e-002	4.74268103e-003	
7.77895832e-002	4.40242175e-003	
7.78954194e-002	4.06352246e-003	
7.80012556e-002	3.72635426e-003	
7.81070918e-002	3.38741469e-003	
7.82129279e-002	3.04924772e-003	
7.83187641e-002	2.71165260e-003	
7.84246003e-002	2.37487322e-003	
7.85304364e-002	2.11435883e-003	
7.86362726e-002	1.87347340e-003	
7.87421088e-002	1.63945932e-003	
7.88479449e-002	1.41572812e-003	
7.89537811e-002	1.20120367e-003	
7.90596173e-002	1.00579596e-003	
7.91654534e-002	8.47802039e-004	
7.92712896e-002	7.51211446e-004	
7.93771258e-002	7.70894119e-004	
7.94829619e-002	8.90765502e-004	
7.95887981e-002	1.05377750e-003	
7.96946343e-002	1.24307251e-003	
7.98004704e-002	1.45430421e-003	
7.99063066e-002	1.69748992e-003	
8.00121428e-002	1.95748331e-003	
8.01179789e-002	2.22840915e-003	
8.02238151e-002	2.51145578e-003	
8.03296513e-002	2.82049329e-003	
8.04354874e-002	3.13077405e-003	
8.05413236e-002	3.44196184e-003	
8.06471598e-002	3.75424488e-003	
8.07529959e-002	4.11684117e-003	
8.08588321e-002	4.48075100e-003	
8.09646683e-002	4.84567843e-003	
8.10705044e-002	5.21140969e-003	
8.11763406e-002	5.63986033e-003	
8.12821768e-002	6.08054261e-003	
8.13880130e-002	6.52149428e-003	
8.14938491e-002	6.96266418e-003	
8.15996853e-002	7.50638675e-003	
8.17055215e-002	8.10010832e-003	
8.18113576e-002	8.69569890e-003	
8.19171938e-002	9.29279914e-003	
8.20230300e-002	9.93383261e-003	
8.21288661e-002	1.06145548e-002	
8.22347023e-002	1.12953241e-002	
8.23405385e-002	1.19761325e-002	
8.24463746e-002	1.27014335e-002	
8.25522108e-002	1.35089200e-002	
8.26580470e-002	1.43171860e-002	
8.27638831e-002	1.51261065e-002	
8.28697193e-002	1.59683727e-002	
8.29755555e-002	1.69557633e-002	
8.30813916e-002	1.79441762e-002	
8.31872278e-002	1.89334513e-002	
8.32930640e-002	1.99320014e-002	
8.33989001e-002	2.12574516e-002	
8.35047363e-002	2.25865767e-002	
8.36105725e-002	2.39187641e-002	
8.37164086e-002	2.52535293e-002	
8.38222448e-002	2.67540456e-002	
8.39280810e-002	2.82774888e-002	
8.40339171e-002	2.98010728e-002	
8.41397533e-002	3.13247771e-002	
8.42455895e-002	3.29372811e-002	
8.43514256e-002	3.45931111e-002	
8.44572618e-002	3.62538940e-002	
8.45630980e-002	3.79189790e-002	
8.46689341e-002	3.98058384e-002	
8.47747703e-002	4.18825780e-002	
8.48806065e-002	4.39611557e-002	
8.49864427e-002	4.60413226e-002	
8.50922788e-002	4.79180172e-002	
8.51981150e-002	4.94451098e-002	
8.53039512e-002	5.10119064e-002	
8.54097873e-002	5.26148602e-002	
8.55156235e-002	5.42345486e-002	
8.56214597e-002	5.57597406e-002	
8.57272958e-002	5.73836689e-002	
8.58331320e-002	5.90981946e-002	
8.59389682e-002	6.07911673e-002	
8.60448043e-002	5.89756355e-002	
8.61506405e-002	5.76830899e-002	
8.62564767e-002	5.69491515e-002	
8.63623128e-002	5.67954802e-002	
8.64681490e-002	5.97012711e-002	
8.65739852e-002	6.69535238e-002	
8.66798213e-002	7.73556737e-002	
8.67856575e-002	8.98199282e-002	
8.68914937e-002	1.06052672e-001	
8.69973298e-002	1.29032761e-001	
8.71031660e-002	1.62373521e-001	
8.72090022e-002	2.03684942e-001	
8.73148383e-002	2.39724756e-001	
8.74206745e-002	2.71890871e-001	
8.75265107e-002	3.07841800e-001	
8.76323468e-002	3.48248710e-001	
8.77381830e-002	3.85372207e-001	
8.78440192e-002	4.15208424e-001	
8.79498553e-002	4.47607651e-001	
8.80556915e-002	4.83781922e-001	
8.81615277e-002	5.17272915e-001	
8.82673638e-002	5.36271659e-001	
8.83732000e-002	5.55723412e-001	
8.84790362e-002	5.75582247e-001	
8.85848724e-002	5.95591999e-001	
8.86907085e-002	6.12907609e-001	
8.87965447e-002	6.30471029e-001	
8.89023809e-002	6.48262117e-001	
8.90082170e-002	6.66262635e-001	
8.91140532e-002	6.82438507e-001	
8.92198894e-002	6.98433984e-001	
8.93257255e-002	7.14473579e-001	
8.94315617e-002	7.30554386e-001	
8.95373979e-002	7.41088939e-001	
8.96432340e-002	7.49697519e-001	
8.97490702e-002	7.58386970e-001	
8.98549064e-002	7.67154543e-001	
8.99607425e-002	7.76530230e-001	
9.00665787e-002	7.86340965e-001	
9.01724149e-002	7.96162750e-001	
9.02782510e-002	8.05995179e-001	
9.03840872e-002	8.14121118e-001	
9.04899234e-002	8.19764232e-001	
9.05957595e-002	8.25436221e-001	
9.07015957e-002	8.31136494e-001	
9.08074319e-002	8.37004767e-001	
9.09132680e-002	8.43338735e-001	
9.10191042e-002	8.49679265e-001	
9.11249404e-002	8.56026212e-001	
9.12307765e-002	8.62141792e-001	
9.13366127e-002	8.65463036e-001	
9.14424489e-002	8.68802923e-001	
9.15482850e-002	8.72161241e-001	
9.16541212e-002	8.75537776e-001	
9.17599574e-002	8.79849466e-001	
9.18657936e-002	8.84257670e-001	
9.19716297e-002	8.88671582e-001	
9.20774659e-002	8.93091117e-001	
9.21833021e-002	8.95519605e-001	
9.22891382e-002	8.97278064e-001	
9.23949744e-002	8.99043352e-001	
9.25008106e-002	9.00815430e-001	
9.26066467e-002	9.03700178e-001	
9.27124829e-002	9.07381974e-001	
9.28183191e-002	9.11069934e-001	
9.29241552e-002	9.14763983e-001	
9.30299914e-002	9.17459750e-001	
9.31358276e-002	9.18771515e-001	
9.32416637e-002	9.20087568e-001	
9.33474999e-002	9.21407891e-001	
9.34533361e-002	9.23083863e-001	
9.35591722e-002	9.25789972e-001	
9.36650084e-002	9.28501820e-001	
9.37708446e-002	9.31219354e-001	
9.38766807e-002	9.33778729e-001	
9.39825169e-002	9.34787869e-001	
9.40883531e-002	9.35805495e-001	
9.41941892e-002	9.36831580e-001	
9.43000254e-002	9.37866097e-001	
9.44058616e-002	9.40061499e-001	
9.45116977e-002	9.42350767e-001	
9.46175339e-002	9.44643695e-001	
9.47233701e-002	9.46940256e-001	
9.48292062e-002	9.47969627e-001	
9.49350424e-002	9.48604254e-001	
9.50408786e-002	9.49242275e-001	
9.51467147e-002	9.49883682e-001	
9.52525509e-002	9.51329104e-001	
9.53583871e-002	9.53313774e-001	
9.54642233e-002	9.55303983e-001	
9.55700594e-002	9.57299698e-001	
9.56758956e-002	9.58803404e-001	
9.57817318e-002	9.59680950e-001	
9.58875679e-002	9.60563926e-001	
9.59934041e-002	9.61452314e-001	
9.60992403e-002	9.62500282e-001	
9.62050764e-002	9.63965745e-001	
9.63109126e-002	9.65435316e-001	
9.64167488e-002	9.66908976e-001	
9.65225849e-002	9.68309617e-001	
9.66284211e-002	9.69081134e-001	
9.67342573e-002	9.69857699e-001	
9.68400934e-002	9.70639300e-001	
9.69459296e-002	9.71425926e-001	
9.70517658e-002	9.72736758e-001	
9.71576019e-002	9.74082363e-001	
9.72634381e-002	9.75431968e-001	
9.73692743e-002	9.76785557e-001	
9.74751104e-002	9.77361021e-001	
9.75809466e-002	9.77721449e-001	
9.76867828e-002	9.78088373e-001	
9.77926189e-002	9.78461785e-001	
9.78984551e-002	9.79646787e-001	
9.80042913e-002	9.81336461e-001	
9.81101274e-002	9.83029435e-001	
9.82159636e-002	9.84725693e-001	
9.83217998e-002	9.85742981e-001	
9.84276359e-002	9.85929918e-001	
9.85334721e-002	9.86120000e-001	
9.86393083e-002	9.86313226e-001	
9.87451445e-002	9.86903286e-001	
9.88509806e-002	9.88467666e-001	
9.89568168e-002	9.90037638e-001	
9.90626530e-002	9.91613176e-001	
9.91684891e-002	9.93060688e-001	
9.92743253e-002	9.93611987e-001	
9.93801615e-002	9.94168334e-001	
9.94859976e-002	9.94729721e-001	
9.95918338e-002	9.95296140e-001	
9.96976700e-002	9.96406898e-001	
9.98035061e-002	9.97543752e-001	
9.99093423e-002	9.98684702e-001	
1.00015178e-001	9.99829734e-001	
1.00121015e-001	1.00020469e+000	
1.00226851e-001	1.00038736e+000	
1.00332687e-001	1.00057641e+000	
1.00438523e-001	1.00077182e+000	
1.00544359e-001	1.00182268e+000	
1.00650195e-001	1.00336924e+000	
1.00756032e-001	1.00491912e+000	
1.00861868e-001	1.00647231e+000	
1.00967704e-001	1.00731254e+000	
1.01073540e-001	1.00733841e+000	
1.01179376e-001	1.00736747e+000	
1.01285212e-001	1.00739972e+000	
1.01391049e-001	1.00785400e+000	
1.01496885e-001	1.00926542e+000	
1.01602721e-001	1.01068257e+000	
1.01708557e-001	1.01210541e+000	
1.01814393e-001	1.01338750e+000	
1.01920229e-001	1.01381841e+000	
1.02026066e-001	1.01425422e+000	
1.02131902e-001	1.01469492e+000	
1.02237738e-001	1.01514050e+000	
1.02343574e-001	1.01617528e+000	
1.02449410e-001	1.01722785e+000	
1.02555246e-001	1.01828479e+000	
1.02661083e-001	1.01934607e+000	
1.02766919e-001	1.01984844e+000	
1.02872755e-001	1.02022636e+000	
1.02978591e-001	1.02060922e+000	
1.03084427e-001	1.02099703e+000	
1.03190263e-001	1.02176224e+000	
1.03296100e-001	1.02273258e+000	
1.03401936e-001	1.02370718e+000	
1.03507772e-001	1.02468605e+000	
1.03613608e-001	1.02518807e+000	
1.03719444e-001	1.02518405e+000	
1.03825280e-001	1.02518644e+000	
1.03931117e-001	1.02519522e+000	
1.04036953e-001	1.02565429e+000	
1.04142789e-001	1.02705181e+000	
1.04248625e-001	1.02845268e+000	
1.04354461e-001	1.02985689e+000	
1.04460298e-001	1.03102237e+000	
1.04566134e-001	1.03088460e+000	
1.04671970e-001	1.03075006e+000	
1.04777806e-001	1.03061876e+000	
1.04883642e-001	1.03049070e+000	
1.04989478e-001	1.03176202e+000	
1.05095315e-001	1.03304716e+000	
1.05201151e-001	1.03433823e+000	
1.05306987e-001	1.03563520e+000	
1.05412823e-001	1.03607062e+000	
1.05518659e-001	1.03633901e+000	
1.05624495e-001	1.03661234e+000	
1.05730332e-001	1.03689062e+000	
1.05836168e-001	1.03756920e+000	
1.05942004e-001	1.03845013e+000	
1.06047840e-001	1.03933549e+000	
1.06153676e-001	1.04022526e+000	
1.06259512e-001	1.04060597e+000	
1.06365349e-001	1.04048094e+000	
1.06471185e-001	1.04036237e+000	
1.06577021e-001	1.04025028e+000	
1.06682857e-001	1.04061988e+000	
1.06788693e-001	1.04192130e+000	
1.06894529e-001	1.04322610e+000	
1.07000366e-001	1.04453429e+000	
1.07106202e-001	1.04557226e+000	
1.07212038e-001	1.04530933e+000	
1.07317874e-001	1.04504970e+000	
1.07423710e-001	1.04479338e+000	
1.07529546e-001	1.04455615e+000	
1.07635383e-001	1.04573525e+000	
1.07741219e-001	1.04692044e+000	
1.07847055e-001	1.04811168e+000	
1.07952891e-001	1.04930895e+000	
1.08058727e-001	1.04960523e+000	
1.08164563e-001	1.04974747e+000	
1.08270400e-001	1.04989470e+000	
1.08376236e-001	1.05004695e+000	
1.08482072e-001	1.05060950e+000	
1.08587908e-001	1.05136458e+000	
1.08693744e-001	1.05212416e+000	
1.08799580e-001	1.05288824e+000	
1.08905417e-001	1.05312746e+000	
1.09011253e-001	1.05287902e+000	
1.09117089e-001	1.05263703e+000	
1.09222925e-001	1.05240148e+000	
1.09328761e-001	1.05267724e+000	
1.09434597e-001	1.05387270e+000	
1.09540434e-001	1.05507159e+000	
1.09646270e-001	1.05627389e+000	
1.09752106e-001	1.05717505e+000	
1.09857942e-001	1.05678407e+000	
1.09963778e-001	1.05639644e+000	
1.10069614e-001	1.05601218e+000	
1.10175451e-001	1.05567084e+000	
1.10281287e-001	1.05672113e+000	
1.10387123e-001	1.05777757e+000	
1.10492959e-001	1.05884014e+000	
1.10598795e-001	1.05990881e+000	
1.10704631e-001	1.05976167e+000	
1.10810468e-001	1.05943036e+000	
1.10916304e-001	1.05910555e+000	
1.11022140e-001	1.05878726e+000	
1.11127976e-001	1.05948047e+000	
1.11233812e-001	1.06060841e+000	
1.11339648e-001	1.06173979e+000	
1.11445485e-001	1.06287460e+000	
1.11551321e-001	1.06315114e+000	
1.11657157e-001	1.06268215e+000	
1.11762993e-001	1.06221655e+000	
1.11868829e-001	1.06175433e+000	
1.11974665e-001	1.06182922e+000	
1.12080502e-001	1.06280972e+000	
1.12186338e-001	1.06379644e+000	
1.12292174e-001	1.06478937e+000	
1.12398010e-001	1.06549073e+000	
1.12503846e-001	1.06507350e+000	
1.12609682e-001	1.06466277e+000	
1.12715519e-001	1.06425855e+000	
1.12821355e-001	1.06392500e+000	
1.12927191e-001	1.06497739e+000	
1.13033027e-001	1.06603323e+000	
1.13138863e-001	1.06709251e+000	
1.13244699e-001	1.06815523e+000	
1.13350536e-001	1.06779864e+000	
1.13456372e-001	1.06725082e+000	
1.13562208e-001	1.06670642e+000	
1.13668044e-001	1.06616542e+000	
1.13773880e-001	1.06665960e+000	
1.13879716e-001	1.06756763e+000	
1.13985553e-001	1.06848194e+000	
1.14091389e-001	1.06940252e+000	
1.14197225e-001	1.06953879e+000	
1.14303061e-001	1.06904381e+000	
1.14408897e-001	1.06855531e+000	
1.14514733e-001	1.06807329e+000	
1.14620570e-001	1.06816198e+000	
1.14726406e-001	1.06914179e+000	
1.14832242e-001	1.07012506e+000	
1.14938078e-001	1.07111177e+000	
1.15043914e-001	1.07173769e+000	
1.15149750e-001	1.07110735e+000	
1.15255587e-001	1.07048042e+000	
1.15361423e-001	1.06985693e+000	
1.15467259e-001	1.06932506e+000	
1.15573095e-001	1.07015361e+000	
1.15678931e-001	1.07098855e+000	
1.15784767e-001	1.07182987e+000	
1.15890604e-001	1.07267755e+000	
1.15996440e-001	1.07223318e+000	
1.16102276e-001	1.07164741e+000	
1.16208112e-001	1.07106812e+000	
1.16313948e-001	1.07049530e+000	
1.16419784e-001	1.07099478e+000	
1.16525621e-001	1.07188569e+000	
1.16631457e-001	1.07278004e+000	
1.16737293e-001	1.07367779e+000	
1.16843129e-001	1.07348046e+000	
1.16948965e-001	1.07245168e+000	
1.17054801e-001	1.07142766e+000	
1.17160638e-001	1.07040841e+000	
1.17266474e-001	1.07028655e+000	
1.17372310e-001	1.07147788e+000	
1.17478146e-001	1.07267405e+000	
1.17583982e-001	1.07387502e+000	
1.17689818e-001	1.07460433e+000	
1.17795655e-001	1.07385242e+000	
1.17901491e-001	1.07310397e+000	
1.18007327e-001	1.07235898e+000	
1.18113163e-001	1.07172987e+000	
1.18218999e-001	1.07243878e+000	
1.18324835e-001	1.07315413e+000	
1.18430672e-001	1.07387591e+000	
1.18536508e-001	1.07460410e+000	
1.18642344e-001	1.07436111e+000	
1.18748180e-001	1.07403468e+000	
1.18854016e-001	1.07371306e+000	
1.18959852e-001	1.07339624e+000	
1.19065689e-001	1.07354868e+000	
1.19171525e-001	1.07386074e+000	
1.19277361e-001	1.07417759e+000	
1.19383197e-001	1.07449922e+000	
1.19489033e-001	1.07442900e+000	
1.19594869e-001	1.07408319e+000	
1.19700706e-001	1.07374215e+000	
1.19806542e-001	1.07340589e+000	
1.19912378e-001	1.07333274e+000	
1.20018214e-001	1.07361792e+000	
1.20124050e-001	1.07390798e+000	
1.20229886e-001	1.07420292e+000	
1.20335723e-001	1.07431923e+000	
1.20441559e-001	1.07391330e+000	
1.20547395e-001	1.07351220e+000	
1.20653231e-001	1.07311591e+000	
1.20759067e-001	1.07278201e+000	
1.20864903e-001	1.07300460e+000	
1.20970740e-001	1.07323206e+000	
1.21076576e-001	1.07346439e+000	
1.21182412e-001	1.07370160e+000	
1.21288248e-001	1.07296454e+000	
1.21394084e-001	1.07215742e+000	
1.21499921e-001	1.07135661e+000	
1.21605757e-001	1.07056211e+000	
1.21711593e-001	1.07089069e+000	
1.21817429e-001	1.07156290e+000	
1.21923265e-001	1.07223854e+000	
1.22029101e-001	1.07291760e+000	
1.22134938e-001	1.07262245e+000	
1.22240774e-001	1.07168677e+000	
1.22346610e-001	1.07075453e+000	
1.22452446e-001	1.06982574e+000	
1.22558282e-001	1.06953426e+000	
1.22664118e-001	1.07005879e+000	
1.22769955e-001	1.07058993e+000	
1.22875791e-001	1.07112766e+000	
1.22981627e-001	1.07127002e+000	
1.23087463e-001	1.07035755e+000	
1.23193299e-001	1.06945140e+000	
1.23299135e-001	1.06855159e+000	
1.23404972e-001	1.06781998e+000	
1.23510808e-001	1.06838778e+000	
1.23616644e-001	1.06895898e+000	
1.23722480e-001	1.06953356e+000	
1.23828316e-001	1.07011152e+000	
1.23934152e-001	1.06887163e+000	
1.24039989e-001	1.06753277e+000	
1.24145825e-001	1.06619865e+000	
1.24251661e-001	1.06486930e+000	
1.24357497e-001	1.06526220e+000	
1.24463333e-001	1.06613490e+000	
1.24569169e-001	1.06701236e+000	
1.24675006e-001	1.06789459e+000	
1.24780842e-001	1.06738159e+000	
1.24886678e-001	1.06601337e+000	
1.24992514e-001	1.06464991e+000	
1.25098350e-001	1.06329122e+000	
1.25204186e-001	1.06293152e+000	
1.25310023e-001	1.06376468e+000	
1.25415859e-001	1.06460261e+000	
1.25521695e-001	1.06544527e+000	
1.25627531e-001	1.06572606e+000	
1.25733367e-001	1.06464591e+000	
1.25839203e-001	1.06356918e+000	
1.25945040e-001	1.06249588e+000	
1.26050876e-001	1.06160811e+000	
1.26156712e-001	1.06196805e+000	
1.26262548e-001	1.06233454e+000	
1.26368384e-001	1.06270756e+000	
1.26474220e-001	1.06308711e+000	
1.26580057e-001	1.06244834e+000	
1.26685893e-001	1.06177853e+000	
1.26791729e-001	1.06111333e+000	
1.26897565e-001	1.06045276e+000	
1.27003401e-001	1.06027974e+000	
1.27109237e-001	1.06023230e+000	
1.27215074e-001	1.06018982e+000	
1.27320910e-001	1.06015230e+000	
1.27426746e-001	1.05945721e+000	
1.27532582e-001	1.05838359e+000	
1.27638418e-001	1.05731605e+000	
1.27744254e-001	1.05625462e+000	
1.27850091e-001	1.05588073e+000	
1.27955927e-001	1.05627240e+000	
1.28061763e-001	1.05666743e+000	
1.28167599e-001	1.05706582e+000	
1.28273435e-001	1.05697300e+000	
1.28379271e-001	1.05577819e+000	
1.28485108e-001	1.05458679e+000	
1.28590944e-001	1.05339883e+000	
1.28696780e-001	1.05241992e+000	
1.28802616e-001	1.05266378e+000	
1.28908452e-001	1.05291439e+000	
1.29014288e-001	1.05317176e+000	
1.29120125e-001	1.05343587e+000	
1.29225961e-001	1.05225611e+000	
1.29331797e-001	1.05105225e+000	
1.29437633e-001	1.04985453e+000	
1.29543469e-001	1.04866299e+000	
1.29649305e-001	1.04864960e+000	
1.29755142e-001	1.04890268e+000	
1.29860978e-001	1.04915898e+000	
1.29966814e-001	1.04941850e+000	
1.30072650e-001	1.04848707e+000	
1.30178486e-001	1.04692299e+000	
1.30284322e-001	1.04536347e+000	
1.30390159e-001	1.04380851e+000	
1.30495995e-001	1.04331031e+000	
1.30601831e-001	1.04391665e+000	
1.30707667e-001	1.04452776e+000	
1.30813503e-001	1.04514363e+000	
1.30919339e-001	1.04503066e+000	
1.31025176e-001	1.04339898e+000	
1.31131012e-001	1.04177204e+000	
1.31236848e-001	1.04014987e+000	
1.31342684e-001	1.03887679e+000	
1.31448520e-001	1.03940067e+000	
1.31554356e-001	1.03992918e+000	
1.31660193e-001	1.04046231e+000	
1.31766029e-001	1.04099394e+000	
1.31871865e-001	1.03936617e+000	
1.31977701e-001	1.03773125e+000	
1.32083537e-001	1.03610092e+000	
1.32189373e-001	1.03447521e+000	
1.32295210e-001	1.03462089e+000	
1.32401046e-001	1.03512440e+000	
1.32506882e-001	1.03563252e+000	
1.32612718e-001	1.03614523e+000	
1.32718554e-001	1.03540757e+000	
1.32824390e-001	1.03405903e+000	
1.32930227e-001	1.03271383e+000	
1.33036063e-001	1.03137198e+000	
1.33141899e-001	1.03073456e+000	
1.33247735e-001	1.03078851e+000	
1.33353571e-001	1.03084922e+000	
1.33459407e-001	1.03091668e+000	
1.33565244e-001	1.03049322e+000	
1.33671080e-001	1.02911058e+000	
1.33776916e-001	1.02773387e+000	
1.33882752e-001	1.02636312e+000	
1.33988588e-001	1.02524890e+000	
1.34094424e-001	1.02529727e+000	
1.34200261e-001	1.02534880e+000	
1.34306097e-001	1.02540348e+000	
1.34411933e-001	1.02543674e+000	
1.34517769e-001	1.02369196e+000	
1.34623605e-001	1.02195164e+000	
1.34729441e-001	1.02021581e+000	
1.34835278e-001	1.01848450e+000	
1.34941114e-001	1.01854512e+000	
1.35046950e-001	1.01892562e+000	
1.35152786e-001	1.01931073e+000	
1.35258622e-001	1.01970044e+000	
1.35364458e-001	1.01860312e+000	
1.35470295e-001	1.01682828e+000	
1.35576131e-001	1.01505800e+000	
1.35681967e-001	1.01329231e+000	
1.35787803e-001	1.01261436e+000	
1.35893639e-001	1.01293166e+000	
1.35999475e-001	1.01325344e+000	
1.36105312e-001	1.01357973e+000	
1.36211148e-001	1.01325316e+000	
1.36316984e-001	1.01176419e+000	
1.36422820e-001	1.01027848e+000	
1.36528656e-001	1.00879605e+000	
1.36634492e-001	1.00757986e+000	
1.36740329e-001	1.00745770e+000	
1.36846165e-001	1.00734227e+000	
1.36952001e-001	1.00723357e+000	
1.37057837e-001	1.00709061e+000	
1.37163673e-001	1.00556153e+000	
1.37269509e-001	1.00403816e+000	
1.37375346e-001	1.00252051e+000	
1.37481182e-001	1.00100861e+000	
1.37587018e-001	1.00069790e+000	
1.37692854e-001	1.00057422e+000	
1.37798690e-001	1.00045365e+000	
1.37904526e-001	1.00033619e+000	
1.38010363e-001	9.98972493e-001	
1.38116199e-001	9.97084446e-001	
1.38222035e-001	9.95200817e-001	
1.38327871e-001	9.93321631e-001	
1.38433707e-001	9.92553359e-001	
1.38539544e-001	9.92736099e-001	
1.38645380e-001	9.92923367e-001	
1.38751216e-001	9.93115160e-001	
1.38857052e-001	9.92511066e-001	
1.38962888e-001	9.90578208e-001	
1.39068724e-001	9.88649829e-001	
1.39174561e-001	9.86725957e-001	
1.39280397e-001	9.85232546e-001	
1.39386233e-001	9.85334521e-001	
1.39492069e-001	9.85440917e-001	
1.39597905e-001	9.85551732e-001	
1.39703741e-001	9.85578100e-001	
1.39809578e-001	9.83904260e-001	
1.39915414e-001	9.82233647e-001	
1.40021250e-001	9.80566275e-001	
1.40127086e-001	9.78902161e-001	
1.40232922e-001	9.78396890e-001	
1.40338758e-001	9.78050669e-001	
1.40444595e-001	9.77711278e-001	
1.40550431e-001	9.77378723e-001	
1.40656267e-001	9.76028103e-001	
1.40762103e-001	9.74278422e-001	
1.40867939e-001	9.72534253e-001	
1.40973775e-001	9.70795624e-001	
1.41079612e-001	9.69813824e-001	
1.41185448e-001	9.69436436e-001	
1.41291284e-001	9.69062237e-001	
1.41397120e-001	9.68691231e-001	
1.41502956e-001	9.67605351e-001	
1.41608792e-001	9.65408519e-001	
1.41714629e-001	9.63216226e-001	
1.41820465e-001	9.61028503e-001	
1.41926301e-001	9.59300700e-001	
1.42032137e-001	9.59120314e-001	
1.42137973e-001	9.58944564e-001	
1.42243809e-001	9.58773453e-001	
1.42349646e-001	9.58468573e-001	
1.42455482e-001	9.56137443e-001	
1.42561318e-001	9.53810936e-001	
1.42667154e-001	9.51489086e-001	
1.42772990e-001	9.49171927e-001	
1.42878826e-001	9.48633826e-001	
1.42984663e-001	9.48297529e-001	
1.43090499e-001	9.47966146e-001	
1.43196335e-001	9.47639682e-001	
1.43302171e-001	9.45629183e-001	
1.43408007e-001	9.43017590e-001	
1.43513843e-001	9.40410959e-001	
1.43619680e-001	9.37809332e-001	
1.43725516e-001	9.36333096e-001	
1.43831352e-001	9.35699105e-001	
1.43937188e-001	9.35070325e-001	
1.44043024e-001	9.34446765e-001	
1.44148860e-001	9.32847006e-001	
1.44254697e-001	9.29828284e-001	
1.44360533e-001	9.26814859e-001	
1.44466369e-001	9.23806780e-001	
1.44572205e-001	9.21280381e-001	
1.44678041e-001	9.20230496e-001	
1.44783877e-001	9.19186569e-001	
1.44889714e-001	9.18148619e-001	
1.44995550e-001	9.16901918e-001	
1.45101386e-001	9.13183276e-001	
1.45207222e-001	9.09470789e-001	
1.45313058e-001	9.05764534e-001	
1.45418894e-001	9.02064587e-001	
1.45524731e-001	9.00147694e-001	
1.45630567e-001	8.98399271e-001	
1.45736403e-001	8.96658380e-001	
1.45842239e-001	8.94925065e-001	
1.45948075e-001	8.90786851e-001	
1.46053911e-001	8.85860225e-001	
1.46159748e-001	8.80941484e-001	
1.46265584e-001	8.76030760e-001	
1.46371420e-001	8.72216266e-001	
1.46477256e-001	8.69169614e-001	
1.46583092e-001	8.66132699e-001	
1.46688928e-001	8.63105625e-001	
1.46794765e-001	8.58595458e-001	
1.46900601e-001	8.52073688e-001	
1.47006437e-001	8.45560864e-001	
1.47112273e-001	8.39057195e-001	
1.47218109e-001	8.32846128e-001	
1.47323945e-001	8.27458617e-001	
1.47429782e-001	8.22107015e-001	
1.47535618e-001	8.16792027e-001	
1.47641454e-001	8.11050676e-001	
1.47747290e-001	8.00741742e-001	
1.47853126e-001	7.90448072e-001	
1.47958962e-001	7.80170269e-001	
1.48064799e-001	7.69908970e-001	
1.48170635e-001	7.61537575e-001	
1.48276471e-001	7.53329757e-001	
1.48382307e-001	7.45154897e-001	
1.48488143e-001	7.37014095e-001	
1.48593979e-001	7.22016585e-001	
1.48699816e-001	7.05003487e-001	
1.48805652e-001	6.88092676e-001	
1.48911488e-001	6.71291882e-001	
1.49017324e-001	6.56073613e-001	
1.49123160e-001	6.41962100e-001	
1.49228996e-001	6.28002185e-001	
1.49334833e-001	6.14204203e-001	
1.49440669e-001	5.95503145e-001	
1.49546505e-001	5.70584942e-001	
1.49652341e-001	5.43042751e-001	
1.49758177e-001	5.10639531e-001	
1.49864013e-001	4.79636511e-001	
1.49969850e-001	4.50902332e-001	
1.50075686e-001	4.23284329e-001	
1.50181522e-001	3.97015509e-001	
1.50287358e-001	3.70319071e-001	
1.50393194e-001	3.29357128e-001	
1.50499030e-001	2.91049539e-001	
1.50604867e-001	2.56587925e-001	
1.50710703e-001	2.27725065e-001	
1.50816539e-001	1.93092013e-001	
1.50922375e-001	1.60584591e-001	
1.51028211e-001	1.31576965e-001	
1.51134047e-001	1.08902643e-001	
1.51239884e-001	9.17901534e-002	
1.51345720e-001	7.68412036e-002	
1.51451556e-001	6.50457194e-002	
1.51557392e-001	5.83485849e-002	
1.51663228e-001	5.70574352e-002	
1.51769064e-001	5.69195539e-002	
1.51874901e-001	5.74265215e-002	
1.51980737e-001	5.85615931e-002	
1.52086573e-001	5.86559108e-002	
1.52192409e-001	5.71896532e-002	
1.52298245e-001	5.58238556e-002	
1.52404081e-001	5.45660620e-002	
1.52509918e-001	5.32285446e-002	
1.52615754e-001	5.15644067e-002	
1.52721590e-001	4.99148006e-002	
1.52827426e-001	4.82812157e-002	
1.52933262e-001	4.66236141e-002	
1.53039098e-001	4.46970160e-002	
1.53144935e-001	4.27716802e-002	
1.53250771e-001	4.08477853e-002	
1.53356607e-001	3.89255450e-002	
1.53462443e-001	3.72494628e-002	
1.53568279e-001	3.55939329e-002	
1.53674115e-001	3.39460972e-002	
1.53779952e-001	3.23071328e-002	
1.53885788e-001	3.06130345e-002	
1.53991624e-001	2.89115622e-002	
1.54097460e-001	2.72101335e-002	
1.54203296e-001	2.55087569e-002	
1.54309132e-001	2.41620480e-002	
1.54414969e-001	2.30132919e-002	
1.54520805e-001	2.18652017e-002	
1.54626641e-001	2.07178880e-002	
1.54732477e-001	1.96144321e-002	
1.54838313e-001	1.85587017e-002	
1.54944149e-001	1.75029715e-002	
1.55049986e-001	1.64472412e-002	
1.55155822e-001	1.54802653e-002	
1.55261658e-001	1.47079634e-002	
1.55367494e-001	1.39365546e-002	
1.55473330e-001	1.31661959e-002	
1.55579166e-001	1.24004388e-002	
1.55685003e-001	1.16620855e-002	
1.55790839e-001	1.09237679e-002	
1.55896675e-001	1.01854938e-002	
1.56002511e-001	9.44727354e-003	
1.56108347e-001	8.92761886e-003	
1.56214184e-001	8.41152936e-003	
1.56320020e-001	7.89607103e-003	
1.56425856e-001	7.38137611e-003	
1.56531692e-001	6.89552307e-003	
1.56637528e-001	6.41593964e-003	
1.56743364e-001	5.93639564e-003	
1.56849201e-001	5.45690145e-003	
1.56955037e-001	5.06172602e-003	
1.57060873e-001	4.71121201e-003	
1.57166709e-001	4.36191649e-003	
1.57272545e-001	4.01415754e-003	
1.57378381e-001	3.66834442e-003	
1.57484218e-001	3.32425987e-003	
1.57590054e-001	2.98053971e-003	
1.57695890e-001	2.63732641e-003	
1.57801726e-001	2.32619785e-003	
1.57907562e-001	2.08036872e-003	
1.58013398e-001	1.83927062e-003	
1.58119235e-001	1.60503694e-003	
1.58225071e-001	1.38021577e-003	
1.58330907e-001	1.16538769e-003	
1.58436743e-001	9.73899011e-004	
1.58542579e-001	8.22221389e-004	
1.58648415e-001	7.35629488e-004	
